3
1 3.07308633943 41.4021156191 15.2686479135
0 1.36445283242 15.8960645817 7.67922021074
1 3.70146551182 60.4160506558 7.87380067484
1 2.34757748084 35.7447156437 7.72472629487
1 7.89864719241 66.1555965387 28.7078309551
1 2.1526931498 96.5885208415 27.6527671922
1 4.51044502403 75.4281273154 27.9511080015
1 4.88522499104 79.1268140315 18.2029910193
0 5.05841346192 23.0559089436 17.4124351898
1 6.60518031157 37.7735345949 14.6086887301
0 2.14151971721 67.4674860724 22.6533244515
1 8.41358416406 74.6809842479 26.1146401384
1 2.55454327779 17.3136770616 8.15918564905
1 8.82964035376 77.1090559193 9.0199828825
1 3.63082349003 62.0850480044 5.14894400061
1 4.85360247814 83.7006467889 28.9642175594
1 9.96478506044 38.6674058194 21.06993596
1 2.84514352414 93.210547472 17.9180859335
1 8.77929539111 74.5499265655 13.221932741
1 8.04434693157 78.1387975133 9.33943733577
1 9.89730055613 13.5239350466 5.22632034094
0 3.61187415936 63.2177585575 28.2671730222
1 7.23090727002 75.0181172205 11.654111883
1 3.62141670162 92.4574070612 27.1185595586
0 1.07232645151 45.0213868895 28.703630003
1 5.50965173949 83.7634780549 17.4731859989
1 5.21264743817 61.830805664 19.2342010629
1 1.8046275022 99.8159095921 15.2076746809
1 2.67524395839 81.1490234329 7.94724421843
1 1.29089768332 70.4469066178 5.63468020252
0 6.97905249054 34.4349880229 22.7398108725
1 7.5055488809 82.7582248356 29.6419739925
1 9.98432290108 70.2942536134 19.9662449519
0 1.81759142784 32.9011207128 19.9306716516
1 3.87064164823 15.464508483 7.50619285665
1 8.86820222157 16.5124257712 15.5984443503
1 9.33958949611 35.0049928651 21.8162646056
0 3.66291650368 62.3073510642 28.1034185597
1 9.99252761609 36.2720881116 19.4462997405
1 5.89891674102 89.6882572769 7.16761518011
0 4.57227460429 67.1992587337 29.8270316972
1 1.2551158813 84.8439877088 7.73974691443
1 8.79704998904 56.2504855111 12.3527881171
1 3.98130145471 51.9705308036 17.0395715545
1 8.92534395652 62.1124631223 17.0707671458
0 2.3899621625 17.8781514492 15.8504416887
1 9.52293893861 98.2576525436 14.8438572857
0 7.91231892272 25.2652772611 20.947135134
0 5.08610698515 29.5319449699 22.5972457508
1 9.0806449142 84.5266678044 15.2689250249
0 4.30042655244 44.4641504264 28.1668034008
1 8.71158862878 78.2110093 11.7914078865
1 7.85923523833 98.4109072945 14.8370554624
0 5.57610883273 52.5138997752 26.618829333
0 6.95063309482 20.0408168903 22.8833628491
1 4.82009884636 83.7684885658 8.05411574395
0 8.12317372707 18.6339655494 22.5381337857
1 4.64185034843 79.5699816484 22.2201737856
1 3.14101283395 56.1025734366 5.81660071183
1 8.58282518629 37.044257793 11.1237806578
0 1.77226517165 19.9057036879 19.2336349706
1 8.64250308701 84.9509944863 12.1066244905
1 4.10717968319 79.8897166152 15.4951126317
1 6.9675327503 97.3599180054 16.2924536454
0 1.0917292198 23.2976526155 10.444773581
0 9.34352517838 16.2879567299 28.9635513747
1 7.11725719904 64.1135623285 10.2031477644
1 5.89847219699 40.9873557335 19.7197502868
0 2.69187615546 60.4328899045 25.8688361204
1 8.74939791032 55.7661140338 15.5102636539
0 3.74311373105 30.9711780154 25.5389530523
1 5.46164466949 21.1984181102 6.855022335
1 1.254442894 76.6303493595 20.8784229885
0 4.37570661358 62.2618086863 27.4928903331
1 8.85364618534 93.0851517791 13.1223086821
0 1.90692956833 19.3068092937 11.9086374764
1 7.14005993075 26.3560983844 8.75507405836
1 6.94774782715 32.5151641239 9.20106560593
0 9.74313221606 38.9408446266 25.7655546408
1 6.94352781652 20.6886268909 9.93222519208
0 2.0569453727 64.7022053389 26.7654860148
1 3.18294288765 77.34868832 6.24391636175
1 3.46624651731 48.0021818336 14.7730237403
1 9.21617596901 97.0723033274 29.0212868136
1 3.7437366801 85.4211685246 22.883308659
1 7.05298937527 47.5234777054 5.95873955239
0 2.31001890997 16.3128921071 14.4008959576
1 4.49221514371 87.6370674183 13.5024512675
1 4.81818714443 99.5411896642 17.4956189679
1 8.96812878394 79.6005053062 11.2545692731
0 5.97380693003 43.114681527 26.9302729303
0 3.25717531298 58.4135586505 29.4383890744
1 9.23563867698 81.7177171888 15.8422042767
1 2.56689288536 96.9166401646 27.9174635637
1 6.49148363258 30.6908699071 12.6784609072
1 9.64579527456 66.5313667462 22.2227630275
1 8.4411296078 87.1695860313 23.7055169937
1 3.29375914733 38.8218188764 10.3101521468
1 4.6579877142 59.5161893576 14.8729295693
1 2.90562467732 43.3193829431 16.4798707003
1 1.49451491743 55.3525299112 9.52185556999
1 4.9163862296 69.4944415891 16.5762118822
1 6.81855084788 89.0538567875 19.2053698243
0 6.35909713727 32.3375753324 24.9352754585
1 1.18635557051 80.4854482411 6.89781679172
1 6.03063441586 83.7432554642 24.1418358214
0 1.69478328087 40.9718758693 24.2115578816
0 6.23053651104 11.9022417699 16.7873712733
0 2.18423572228 20.7205005924 23.2777379236
1 5.49964833444 52.9464459404 22.2141405532
0 5.70922889864 18.4029742681 22.944281823
0 8.63416010378 40.968514826 24.437261718
1 4.63361789738 93.6132495792 19.3351380231
0 1.6273029496 24.1958971377 27.0241898202
1 3.91444041938 33.6976368718 6.32102044306
1 2.29206040118 82.5796497491 25.6189793258
1 6.67543442749 88.563629327 29.5063843317
0 4.80337714895 26.3652690165 27.6392131675
1 1.97333721612 28.2908806851 5.06002552779
1 2.69249960126 84.3536349879 21.6164910188
0 2.50901613424 33.9587080049 17.5950430981
1 8.06837239857 90.2640807751 6.7912242033
1 5.40975034897 45.5699091389 8.25955077292
0 2.37008477496 27.6725063526 12.1016667258
1 2.73208719409 66.1263900988 6.28984066541
1 4.11242638736 30.5382376356 13.7324962439
0 7.81102786236 38.8199045931 25.5068594361
1 9.58545665995 18.4595492704 6.31061254615
1 5.52810362797 41.6204280163 11.4798673282
0 6.25872726602 15.9124757266 21.0989158226
0 2.67282326158 21.984261015 11.0213813547
1 9.90921637472 88.2008690217 26.2535511037
1 8.73345320242 73.4735919277 5.92190548119
0 1.83369450586 19.2568462432 12.7437885311
1 7.43715784951 57.7632429953 17.9366160364
1 6.40089656531 73.4209292112 7.27429919842
1 8.36389958493 35.9315400318 5.69068353534
1 3.39671215519 90.3802731979 25.0506834997
1 2.64787095021 54.3157136838 19.3053752464
1 8.79851959574 33.19768082 7.89621626988
1 2.83331185654 85.2417160879 19.5301068643
1 9.59124817398 81.2048551857 24.510607644
0 4.27109445218 77.111559731 28.7218988124
1 8.9715811891 92.5811502007 17.5567778798
1 2.28664284581 45.1933701638 9.92717557297
0 3.22115826052 47.8618828429 20.8057118735
1 9.47654693115 44.479316724 5.10008885537
1 7.4552579344 13.7245393845 13.8360149101
1 4.93457480596 80.783672749 28.1181118118
1 3.65375314098 65.8694062105 21.7364244628
1 4.13248450558 44.2873304309 13.6208119717
0 7.38364535689 39.0001733203 23.7575329859
1 5.61296534672 65.5995078788 21.6339912357
1 5.59605180509 35.3829565725 12.4541509036
1 1.71823878238 47.0768964321 12.3971961708
1 9.7354367198 31.4960143016 22.1689876042
0 8.37355262024 39.2908265347 25.4204447988
1 2.39808805852 71.0065962304 13.2764649205
1 6.77595000006 98.1383890174 25.9349545672
1 6.17507304526 77.283329447 15.9329592735
1 7.39377989717 37.7520280748 8.77943388811
0 2.64467213347 17.5810856493 25.4041161678
1 5.72284293873 87.003881463 23.8305480714
1 2.23059418844 77.9779084992 8.39622775805
1 1.16499233276 64.0161307032 9.26523979726
0 3.60536276691 17.6996567039 11.5003241273
1 7.53463354957 88.4640307453 19.5250883927
1 5.9760839148 30.3035132816 6.67077734004
1 4.54410962539 39.485633712 5.10785692392
1 8.10686354487 51.422942743 16.3040230827
1 7.16189521064 78.4284604741 9.22746116827
1 6.36361657812 75.0626760354 8.93815786703
1 8.64024545662 83.2408915741 8.94652412092
1 2.40132728823 79.4342009711 6.22213323585
1 4.47280473761 80.0476241303 22.8822239669
1 6.81076730255 85.2482104018 22.282448548
1 8.43350692621 87.9321191811 26.8654478006
1 6.30563022681 61.9604538236 20.9575229695
0 7.46908817045 31.8440178514 21.835554176
1 1.1526103444 75.4961742005 20.4726823839
1 5.59605597418 57.8197761119 9.47989415922
1 5.92755124177 65.2961264397 24.2164500348
1 6.46693678903 29.5984922282 11.9911515737
0 4.58753888747 52.4731952005 24.4271237253
1 8.69906605572 69.6887959342 28.0843754515
1 4.30984260795 95.2018927614 5.08601884322
0 1.27537933656 10.4538882515 11.0714444893
0 7.9854813446 15.8621129626 25.5085874101
1 6.66363605257 78.1941002217 23.9507483135
1 6.45636619811 87.5183606576 18.4552995192
1 8.28967799714 59.967463183 24.6286864901
0 1.05658000631 63.9086668237 29.9165789005
1 5.99935828362 66.7666385744 23.6376305424
0 9.56006129981 35.0941859277 27.406201127
0 2.36675524047 23.3333137942 12.090996923
0 4.60804001123 17.4975239906 26.9937396157
0 9.80062847479 19.7836494185 25.2342587033
0 3.59082138244 48.445464712 25.6903356276
0 1.78116722309 13.1176189079 20.8544025691
1 6.31778234436 60.5917384738 11.4326749401
