3
-18.1199527279 1.17145397204 76.9337252683 26.2431347121
-101.543339703 5.73878962934 18.0318972914 27.8564329399
56.8271584945 4.81432781853 76.5276093 20.6244768987
85.8454810725 6.24283674436 59.8937819037 13.7672071684
184.44897846 9.97071728648 70.4754617027 8.02987397288
189.77196856 6.98578988371 90.1104220325 8.61525347749
-63.9707800306 6.03918130837 20.2471325199 23.5509797363
46.5307779753 1.37019539104 76.8111778864 17.2562188154
74.1159739665 5.03211121027 81.4029427229 19.8587176546
16.7300074319 2.65150595561 55.5917891793 17.2812329261
116.618009106 6.65903971095 46.1941884368 6.05153783955
189.847187539 7.18414469477 84.8039066111 7.37172466159
85.9272892839 4.10461695582 66.9936481609 12.7294537995
41.5443015133 9.45947765149 31.4820681524 16.5735159009
46.0652948834 6.73530115386 74.1070291747 24.2145392864
-42.3257284681 1.4411079071 41.2168855988 19.8815112481
53.8989990802 3.58198992951 75.2430608593 18.9152888476
-19.9112348315 1.50879650266 26.3351821225 12.5242234433
-84.5951170086 3.30145592908 44.0313589527 29.3817706007
60.2698454059 6.65797368743 64.3804546899 19.2958286926
25.6391634935 1.62982362383 82.8704985006 22.3428671066
149.448765725 4.96924175799 92.5583511777 12.1943363158
-137.789112112 1.52522266028 17.0554376441 26.7360305718
38.4063363663 5.27984019231 47.5541052025 15.642896566
141.660700506 2.70637171526 95.9110724594 11.032165938
-16.8548626465 5.36432263526 36.7813296191 20.580106891
158.804203414 6.52899568475 91.8159768303 12.8739581563
127.009883608 2.89256119167 88.1232164603 11.1660230327
117.978115161 5.87613749362 70.1342082373 11.5788108928
-57.7783490234 1.06864494394 15.1347675021 14.104904781
156.887919978 8.65610549848 87.5449988633 14.966161819
99.4090893477 9.2490806649 87.781624293 24.0921379839
115.693127775 3.7931713737 94.5740032285 15.9123703456
203.431726535 5.33074543729 95.3550693391 5.79798093092
-21.2840566243 7.76181898836 20.9091814407 20.1029441985
-48.3096747702 5.46504305232 28.498536987 22.8510256096
129.566058397 1.1843897842 86.943441215 8.0235316964
-30.7820852437 1.61135503644 64.9215599569 25.248393646
25.767861665 3.85911100428 70.6790654513 22.0259113258
30.876806361 4.39782948241 76.9505599422 23.8575154782
84.4052692762 5.63232826879 59.8801847518 13.096911845
12.2603437355 1.10821881693 54.0050333486 15.2617015902
136.184860583 5.24856167465 64.8993717792 6.58564281739
93.2677164807 7.1544744694 45.0771919367 9.77591601237
37.2627567196 6.3675849116 77.6209819897 25.9507223394
23.1574620954 6.54831240679 31.2021102234 14.9614117742
-94.911349984 2.52552923305 11.3066463718 20.3971335797
14.4444678164 1.74515230605 48.227566807 14.2088841226
51.148130222 1.94647033619 73.323803029 16.4234541711
61.4531771909 5.31881769038 42.434044939 10.943298513
-7.38857132494 3.89685975849 28.2549593282 14.6952982237
66.4209975252 6.11164275531 51.9547403171 14.0864158089
-23.3652139473 3.84673470463 32.0291659437 17.9844132687
20.4342061385 2.06992838367 86.1062206199 24.6396455626
-74.5397033971 3.88012134082 38.0829104908 27.0723911124
46.8521688261 5.183164574 48.6336251935 14.6066753287
149.23696323 6.94866726155 65.3464046077 7.27750265725
-83.4169098139 4.95375524361 24.4178993636 25.9700372825
41.3435431337 5.46224655592 86.5616414732 26.6288864817
3.26943713406 3.41487029368 37.1673029617 15.0305531037
-20.1886306836 5.06610866839 12.2333448739 13.6166295879
77.6467400743 8.57099000247 33.0849903721 10.6047343849
109.859192793 5.16797011434 53.9542458802 7.10414287299
-35.0509766008 2.53992787354 17.3466241089 13.5919290791
117.952408881 9.36997060953 64.1197421484 14.8552545016
126.10478244 8.8196995349 79.2294314594 17.2215822611
-15.7215861409 4.408511201 30.75050908 17.3296737587
58.8818343759 3.82172882586 66.6564276989 16.0926156115
14.1323176858 5.02389672913 70.4456355371 25.28541724
-2.6497482165 1.43482054429 93.8612963626 29.2457923407
50.9208660145 6.89736288846 42.6618644266 14.7680702462
-102.200554151 1.23700804785 46.4954687855 29.6516531715
47.998671509 7.23874635705 57.0417323108 19.7817509547
21.8268609511 4.49721149639 27.5956693901 11.1909418276
-54.3302612409 2.7675886528 34.6434526673 21.6132933005
84.7203027045 1.86016835284 60.9476949109 7.96811009224
79.7960900451 6.46196658993 80.0518574671 20.703898684
129.933721294 8.26567061012 85.7566746081 17.7480477176
-22.349488753 1.23505988328 57.7366451604 21.4533397009
-71.5519148551 5.48804249869 22.5093369277 24.4930019568
172.163836175 9.09371917916 59.5521207632 5.41108530618
-72.6625192154 1.39748294393 48.2791423781 26.170804773
-16.5792609602 5.11192213875 25.5303637579 16.9656014091
70.9449527076 4.4727745724 49.0279757014 10.2626777742
-21.8847115004 4.18706365076 58.4894943059 25.8191909457
199.655136907 9.45153076598 90.4716174158 10.8290579407
74.1111720029 9.12120207919 12.3339796307 5.96697257864
44.9513157832 9.93934926063 57.237480274 24.1310196245
-102.691182722 2.28609039787 18.5948198162 23.2488180475
50.1981420805 6.46536821885 76.4843374443 23.9177449995
135.507783509 8.36994316437 62.9448081766 10.5830377841
131.154433036 1.66585126728 89.940585891 9.34075020269
145.593942004 9.02767892197 80.2079812147 15.0141156636
22.3340701443 4.83074633957 19.3908524708 9.25072831329
69.6396405287 6.38547999978 68.9420994092 18.8713368982
-1.3463653764 6.9763077091 58.110995621 26.761633387
-46.3649057543 3.91792568073 18.064985058 17.3820189539
43.2861747806 6.32393413858 90.8869363072 28.8181484599
163.119525871 1.39139560941 98.4573481245 6.81558949607
124.132314518 7.41564342632 68.4233314791 12.4101118147
-4.77870293438 2.6711657393 62.3676223105 22.3179435641
-7.65899482338 5.1029743501 20.7620339922 14.316115187
118.803609538 7.95069576901 43.1699944479 6.72047672115
-100.998006283 2.22227090433 21.6197108481 23.7800195747
-17.7800750228 2.07301196173 31.8692469687 14.6069555111
88.5945611279 5.82145329371 86.1185407341 20.2652933253
84.5564958997 6.64778030737 47.6140141434 11.0213336373
70.7018304879 7.4901095027 16.1897552743 5.22553929825
-79.4648858231 4.46304650215 11.4425742302 20.9972141864
127.662780852 2.92138775632 81.2940309184 9.16273693536
170.852478436 7.80393334987 94.7653104873 13.816782291
88.2087439754 6.55438578677 77.9680940437 19.0387574257
30.3052930402 6.00894392166 19.1728220399 9.73282717947
131.247566445 5.09396357091 63.5522355892 6.68522006326
118.932514553 8.59159544583 44.2821561409 7.93539316959
19.8137353004 4.75318814357 88.0818034826 29.1259647287
110.023181094 7.86034875725 47.4411626945 9.06609026685
153.485583614 6.6806460791 73.1041636862 8.50417207854
-2.88767978591 6.9619374467 33.9641679895 20.0621986046
77.5808076411 6.16672991362 88.7485161007 23.0833605281
41.1511674303 6.46355295792 87.2783598373 28.2915831176
133.241827701 3.72602304461 79.6162570037 9.03584525031
-50.2613248354 2.8066977088 61.755508299 28.8341883602
-43.0134350137 2.2922666235 68.6383574631 29.0304023107
184.712852833 3.35888527261 99.7889482816 6.92198520805
42.88280487 3.70719682304 48.5686944546 13.0466503242
-22.0591513969 3.95612026711 58.1496607228 25.4170965019
-10.5442371352 3.12096449721 80.2936642345 28.9058872252
-30.5956219183 5.43991540083 30.1677718277 20.761474226
-76.6352740724 1.40391767167 15.7847865085 17.4634319723
107.194426775 5.90818483367 95.1961607702 20.325677586
149.696632825 2.59321947705 87.2428847921 7.24590450428
151.983697525 6.4567454733 86.3248692607 12.1762136757
182.944867769 5.13360382952 90.2841544942 6.99421135918
63.4130939904 1.58167899193 64.5682989952 11.648613417
26.7646475846 5.04089978074 76.525265446 25.2421258735
97.3476200463 6.18904725443 35.2975964012 5.01972075722
77.0119573737 6.78954464705 27.3522956438 6.51258291205
75.211560813 4.15586828998 76.7088344672 17.1092558602
66.9291779425 8.37579083208 51.4238487709 17.09663256
74.0883810908 9.35100879225 65.8235632915 21.5812619164
36.5522471892 3.5819397659 40.826627023 11.560057788
44.2062890747 7.75171549014 60.1053763596 21.9316597923
84.6152189305 1.36582650892 99.4980741022 18.2913134804
103.924645227 3.35788623263 80.0702798392 12.827825254
140.230857929 9.27735245766 75.8060689632 14.8792577963
165.985118969 3.30504479318 85.4848784153 5.43358368484
106.01355374 8.20150191074 68.3613487104 16.1034518269
60.9722385437 7.68669429481 53.6780692868 17.6072632826
12.8136644291 5.39378428528 19.3155929969 11.3936234882
101.539312252 4.29188038507 71.1024545713 11.9406286774
102.62039824 3.29397176793 81.7737227638 13.4095378524
91.0248578314 2.05660710565 85.8587640891 14.4655344862
-22.8732401719 8.90521544853 43.8097875487 28.5064242507
160.437175898 2.41211865885 86.7261545607 5.30518854453
180.676043256 9.73728369112 94.0871503954 14.9815849209
53.0834711642 5.80004287069 55.7190271774 16.6221445568
84.281503161 5.57579748303 45.5853888367 8.94960704894
-60.8662858805 2.71422561267 54.7119781836 28.2046426249
94.8828105066 6.00631081977 58.2491412294 11.6683685928
30.2577177187 4.10306049329 81.7696231219 24.9017333511
8.77801869653 3.0221657771 24.8983325962 10.1771863238
81.0345364028 3.46948651085 92.7828698179 19.8894383345
8.64206795605 2.10492480838 33.5562176767 11.3599450687
24.7988543159 9.49301661014 63.2122813733 28.0794106474
48.0758119536 9.3094105684 17.3029831778 11.374894298
-58.8918017428 1.44773253542 58.8248657199 27.2884083624
73.6183625218 2.46946229679 88.2063205564 18.2127002227
-72.5214839042 6.39176351054 18.8160847039 24.8673269168
59.3849104215 3.24460929836 34.9067307852 6.12494916178
-51.6004600609 3.83777252548 33.0385751345 22.2936193692
-102.933985107 2.07621536899 41.4106726023 29.5024977145
14.2909728575 1.47069260273 84.1765679014 24.1098698532
-53.1248934447 2.82194647942 63.8759253136 29.8708869809
-43.1320196209 6.18032496905 18.538039985 20.2873356116
18.6783776645 8.13771310652 60.7429657809 26.3120978518
139.569365153 2.88092476778 79.4393998482 6.87409746019
39.2611861497 3.41618331603 64.607822781 17.730898939
112.489941916 7.94968325043 68.5153841682 14.8625227035
115.7553785 8.80135210284 59.0872050696 12.9189360953
125.265887564 5.27219912293 74.3378197112 10.8759632983
123.669676001 9.31787427118 41.1264679173 7.39457179215
-13.632564259 2.10298085675 17.5256812492 9.95910504641
148.626918985 8.46068476455 96.7035361324 18.4838572751
169.297993652 6.22915416912 74.5335279798 6.00865771416
-7.51877382561 3.48015117129 48.3427540138 19.8579705094
75.860706188 3.84441756073 58.6776601351 11.4198270985
76.4636892704 4.1938136469 38.8315169248 6.1624972926
76.7245892666 4.60931531321 46.4337705942 8.89087215054
-0.419560216877 6.99619944872 46.430328121 23.3203158494
70.5647550431 9.03156863386 31.4844512086 11.8171191018
-110.839316253 2.16036751013 38.3350790114 29.8733070539
-57.1522869909 3.77211172755 20.0576282898 19.2840944066
160.263319903 5.43697368263 79.3659682427 7.54833620125
3.07180447967 7.89865623442 58.67646467 27.6096696007
-7.14244218318 1.96699228312 90.3220804629 29.6366465629
63.2279642267 7.42171126111 31.9599757086 10.7012999717
-8.49398395533 7.59485936413 25.0141738209 19.2101321769
75.994726967 4.0991569349 89.7425633417 20.640281295
225.538450235 6.79940798831 98.3999713005 5.60793889271
