3
138.477303732 1.96983655176 95.7785369768 10.4070483736
139.785294975 8.12548263786 60.7622616871 9.00886338171
17.0723603379 9.26400159724 20.773679458 16.7334490086
20.275566221 3.66682731448 92.3544817595 28.73709919
9.27493357157 9.61411791702 35.9682739954 22.6963432318
-72.8849351878 2.21788739356 25.8169586389 20.9682915799
59.9563209699 4.23089011615 73.3280101906 18.437753619
-40.1130411348 7.59452330113 28.9187509842 24.8464275443
-18.6034963393 3.45998636158 34.9006489167 17.5822341575
39.4187100169 4.75139322097 58.2462487018 17.8115881347
0.907115227358 6.97407193683 39.6955704373 21.178998767
53.5827653482 4.97196690504 45.281871235 12.3925937031
66.8912513305 8.93172701242 12.5232896558 6.78664447548
170.381571887 6.04788080988 89.6756249644 9.92982451506
-34.7925517425 9.99488325728 34.8984972002 29.225925884
155.630001271 3.32202604986 88.0352861192 7.67070451449
10.6026126867 4.77938291293 24.1687394205 12.2318427244
78.476865427 9.92667370908 52.5186770011 17.9814821432
-77.3332412021 3.34332056133 45.4513556952 28.8176572982
-41.0902363521 2.60174005079 51.4391171781 24.2972771425
35.3301763697 2.76261066605 64.6393728738 17.3715289403
67.7515605872 7.00990093876 63.2776051311 18.4167741215
-18.7266611001 3.87883935314 15.946554579 12.7863192624
124.730400656 8.26005043709 91.5405270881 20.137940996
152.224093146 4.37192717924 73.0228944029 5.36992785334
40.8578098009 6.5144508136 63.3163750856 21.5703718222
78.5611008508 7.50233023878 45.0623606574 12.3821167128
-54.4297452143 1.54142222952 34.6580607362 19.8861638525
-63.5395162561 1.25735080579 11.5897791752 14.1926381365
-29.3423256562 1.16659090201 41.4747996822 17.7172875448
35.2117057222 9.17492000665 75.9737846333 29.7907985184
46.162864909 6.29565954123 42.2719162324 14.4889364594
170.557239309 5.71654160069 87.2512795772 8.74321047668
63.8390671338 2.39222642042 48.5174308761 8.17166385283
-39.3390314965 4.0036116343 35.9590917806 21.6246748467
23.8693288685 7.7169936822 14.4938216822 11.7665922724
-80.425450308 6.14498888465 24.0317416584 27.1365759198
1.17252511784 5.36023582178 39.9216607779 18.9009658679
33.62138467 8.18178022017 44.4794418322 19.5952557621
-25.2131985402 3.3840375559 74.6923547234 29.7885391668
-46.4179396476 8.11073734537 10.1283478113 21.1216692965
-5.24283743673 4.53138169126 49.3236693778 21.3266847478
110.687501849 9.54695216466 63.8166812855 16.0627444439
-48.5317297735 7.82044820427 14.8451060295 22.3563859651
80.3931810639 8.24483552656 62.3418622531 18.1154695429
-27.8315627104 8.56365107618 20.8664826273 22.1814332932
42.7780500521 3.80002745083 32.9108603001 8.72782940537
25.8556286603 3.21678550966 32.7782926534 10.2764475345
202.456890826 7.91671488926 84.0793683792 6.41433781157
163.755714385 6.17743335826 91.8225959685 11.6717540769
31.8245039006 3.58441193808 59.9636305034 17.7090477393
82.6645062448 8.68940249026 54.9725485468 16.3192035085
101.518973538 5.20013588733 81.6691319062 16.2688860188
53.0544865954 8.46378152047 87.6389367386 29.5557680433
-48.530121183 6.33702807259 45.7738232677 29.0708341656
139.9012443 5.6955896847 99.4665473765 16.5790049125
40.394002798 8.8003220741 30.8264405302 15.617794079
-60.1735935977 8.65514450691 27.1994188783 28.7452898387
114.593373303 5.74967739106 87.9644064621 16.9856613794
176.034936857 8.19586124621 96.0502767378 14.0129974198
122.160821307 4.02212345089 78.0814308862 10.6172537945
-15.2818691469 2.03727972529 23.3897003256 11.7888205131
123.348179515 2.71732959414 90.9896941921 12.2606313897
4.14293749197 4.89728813376 61.5348681892 23.9982503736
129.155187246 6.10017018469 65.704001633 9.04351964369
-39.8140993266 4.48298107005 27.7303925985 20.0238946355
217.309954958 8.43505552054 94.2823285695 7.9550843505
112.14371417 3.38514418261 57.827320361 5.34025065188
-35.3066359085 9.35288777192 13.5376755668 22.2844815944
-37.9296640366 7.75552068028 30.2000675061 25.1286023684
-66.8078271507 7.00740707522 24.454783613 26.5558808277
3.31427664012 1.32755381368 51.4518259976 16.1309732152
121.63562712 9.01164444841 41.3805930631 7.32691247031
111.743979505 1.06596511333 71.6779755014 6.04885223753
187.278577578 8.44805237508 75.5338453341 6.90727089259
24.9789352428 8.27724492768 10.9712040559 11.397558313
75.0475845655 6.34740736713 45.8407236861 11.4537368743
35.0870250965 4.24802686757 63.1910207726 19.1153421605
37.3264261031 9.55361815277 48.0610429629 22.0503791005
55.0286685676 3.8245666421 73.9968419347 18.7493401393
-49.0698675706 4.51363763946 21.0889911938 19.4902675144
86.1701817581 1.09469667093 96.3622269842 16.7918466438
-1.3092196102 6.13198521718 60.1809680524 26.1469431278
53.0961611095 4.5430229484 48.6913808753 12.8253150207
73.07561214 7.05904976529 84.038794113 23.6688885162
89.5704428202 8.63407511082 96.4513805722 27.1099085394
48.0201759994 4.12910768456 86.5453527133 23.7757537991
-72.3281571313 3.57119519355 17.9240746385 20.5672181111
74.5526615588 6.04590393028 38.7036299455 9.05818600446
12.1021622087 7.97581172121 10.1810171795 12.5767576849
78.1019554648 5.91730041993 99.2072259435 25.6516153419
166.127982251 2.24677095968 89.3684963533 5.01776722302
17.9697043229 8.81486815336 69.2909243057 29.8365381487
-31.9830322924 4.8936391512 35.8825834482 21.8257946427
104.011796898 9.30296795908 39.7775851613 9.80146576445
105.669140715 1.22249683783 65.6202424269 5.40972121469
67.326193536 7.35602825148 33.424998143 10.4435516354
58.0208047639 9.9104346619 32.49965443 15.1635561978
179.948851795 7.84274836465 69.497041312 5.35689991715
-116.72792605 3.08153533526 24.3458416132 28.0367385154
43.9695374021 2.37719514864 92.2289924963 23.4684446812
-57.4447973495 4.04787274851 36.263111033 24.3623465626
-58.6932315483 5.04214386963 25.1379332905 22.7839794094
141.192225571 9.01289967232 94.5757902472 19.730388549
47.1629140566 6.53262433905 61.6484544448 20.2198289115
124.640955714 3.50674869981 62.9845351962 5.20265785345
3.36903867395 5.25213162587 44.7881218924 19.8309304064
33.0606160426 7.00798585683 33.9493773594 14.9983722221
-83.6579927066 4.34527916974 28.1858476737 26.2229222498
68.5681039024 7.5183681091 75.8425023516 22.6259738165
13.2183905447 7.53316392715 45.1598876793 21.7803547671
58.6812673588 4.74499862018 82.9251103686 22.093611624
-7.65043958512 1.48279582601 45.0622945051 16.0897318538
38.4484767144 3.70905178442 31.6650248672 8.86146454484
-69.5650829493 3.80582620902 18.1600157077 20.5767915875
92.5721213222 5.24134011537 54.8676421614 9.94726806623
-6.16656213924 1.03236044278 34.1158143386 12.1170531845
180.969507832 4.57237585642 87.6555429552 5.73142042386
95.6757831153 6.8275515016 55.5665464302 11.9713424485
113.922765685 6.35470588206 96.4524766374 20.3634058921
-52.4192849717 2.66798798827 43.290578282 23.6718887609
21.9883996879 1.32649351332 74.2253431006 19.9728145578
164.117183753 8.75754435627 87.0002380039 13.9258489164
75.6496142228 1.94467281154 60.3147481275 9.20977665453
97.2581241853 8.59620198772 83.0288057498 22.1123463587
178.056047138 9.28938568998 82.9609010814 11.5392152347
-46.6885043849 2.03156577533 55.3501386821 25.3919472221
128.690215515 4.99536040496 86.2451372346 13.3998015027
55.7024417937 2.50912969626 50.2515670559 9.98738354632
11.7527953666 3.39058655299 38.3188871744 14.124154924
-52.1955158618 2.12605528082 57.3552248594 26.8908940679
24.1481208006 8.24543005103 47.2272159989 21.8282788356
-60.049886103 2.57434109288 39.0573104906 23.427544363
-3.98101215425 3.30505092897 13.9301638114 9.27199541442
-71.3383658765 4.27388808343 47.425369203 29.850509835
-70.960578092 1.25952577609 16.3540561715 16.6169423273
34.5903879349 5.684869298 76.4792983479 25.0406008433
-20.8908992 9.92757474878 17.0982183117 22.0581785084
187.196832246 7.52690925326 74.4308765493 5.27839738059
168.93507097 1.64284094715 98.2698155606 6.30366783212
-13.3404808096 3.98873773542 38.5347097037 18.6158120258
81.1109424698 9.68391121942 33.4554788765 11.8131073343
15.7821131741 6.42973069804 10.9408168906 10.0681280578
75.227203189 8.17423495723 28.6414210788 9.11954994795
87.1673459149 2.26211270745 96.8682023777 18.4663425459
151.592274994 1.34294246377 90.3404264049 6.07909494859
54.1863088435 5.09015643272 81.3374135083 22.775399132
110.928413359 5.36132162338 91.5854283027 17.9932160522
101.033863273 8.97041117002 88.2708266189 23.6054068501
143.992862156 9.55300435212 44.2905854382 5.73689825907
-29.2349392452 1.23045614261 36.0813064208 16.2458730771
-144.949787687 2.33513551333 10.3585238956 27.0136522549
-14.1127461034 7.87910771887 51.5753388667 28.0158306643
150.017401805 1.91188456799 83.7726963108 5.23771841362
-95.4968894495 1.26179347291 28.0437376246 23.4635609235
91.4295477447 4.27917877887 80.168049668 15.9694067923
187.815534736 7.6433534256 79.9745186578 6.94377128833
200.19498841 7.95619324278 95.904945425 10.1781148643
83.821281939 3.60838215713 61.7045587782 10.817438472
-99.4893232651 6.57214281561 19.1331029116 29.0782562296
-7.38799041143 6.49948645146 27.1092574419 18.0951437121
70.3339814486 2.70039132432 84.7430148775 18.0273293679
59.407059311 1.86092276675 49.5364057837 8.32952350202
50.1983139128 7.45560080985 71.3509773966 23.8672032529
-18.6988685046 6.73793458436 47.0281675922 25.7436652295
86.5784455634 8.14698738721 93.1766696103 25.9023905315
142.269786245 9.73741415954 98.636992134 21.7774106013
35.1720084999 2.82197255561 43.9426405439 11.5719526354
-29.7795872196 4.15276850646 61.5860127336 27.7917282462
-68.9598671968 3.7973682212 17.5844354174 20.3112829759
14.2814860833 5.46416732037 27.9134006446 13.7500577691
31.4878912554 8.77447291747 36.0227322016 18.3345932831
-44.3646886885 4.16025299084 13.0659244747 16.0161403896
94.2041537092 5.7610542598 94.2607318572 21.7181457998
9.31696655336 2.39870233224 28.8702843738 10.3504386789
-32.4150203561 6.38749300757 26.4765637918 21.3294776304
101.525058421 3.35601110616 86.2639342743 14.9463638813
2.48044209243 1.30991937302 99.2806403824 29.8940445487
-100.186267374 2.48900427653 33.956294289 27.5735820236
125.225246302 9.37039825266 38.0101585246 6.37121719409
77.6047902208 4.12627246292 60.6466043707 12.1373501583
215.914381361 8.7029316631 92.3552303079 7.97729147871
-67.9278426159 3.07777184132 39.2498669496 25.3213512396
177.701400486 7.16747164365 73.3077401321 5.80148067357
90.6511425397 9.34607276864 29.7547204008 8.91481882356
162.923420701 7.40182182547 64.0608248271 5.60424234505
-48.8003224147 3.05394082157 18.003673441 16.480328314
-66.8249356237 6.47176088439 23.3949238069 25.4781923289
-25.7553547775 4.87249256145 53.8314386 26.034535672
101.48951631 9.8172333564 75.0087318459 20.9604366083
62.7955138126 3.49000190257 79.249252102 18.6690309795
42.6637130238 1.76631306673 34.7063784283 6.35189063128
-26.0077027303 5.91730598883 24.9241221908 19.2959515575
103.308534191 9.13467489832 93.6260116039 25.0477191824
47.5136412805 8.90256839643 65.9977007709 24.7961439992
23.5587523713 9.81636820873 62.7945825765 28.6118991575
33.6861167132 3.67454251836 95.1470818224 27.6322083967
13.8384520308 3.54600045552 84.4523954942 27.2223863569
58.7898795613 7.22608888815 27.3455738952 9.7453079869
86.5384717303 7.63007731843 83.8612160365 22.4995072196
